0.9442 0.5788 1.0000 0.7011
0.5472 0.7307 0.6786 0.8735
0.3540 0.5240 0.5022 0.6565
0.8667 0.2224 0.9801 0.3275
0.0145 0.7228 0.1506 0.8383
0.9616 0.6291 1.0000 0.7545
0.3866 0.3137 0.5215 0.4595
0.8783 0.0152 1.0000 0.1375
0.8703 0.4233 0.9710 0.5709
0.0006 0.1240 0.1310 0.2519
0.6516 0.2611 0.7795 0.3719
0.7574 0.1065 0.9064 0.2182
0.4288 0.2717 0.5654 0.4042
0.4719 0.2890 0.5875 0.3954
0.0993 0.9766 0.2091 1.0000
0.8590 0.2696 1.0000 0.4088
0.4283 0.0838 0.5595 0.2235
0.1055 0.7962 0.2519 0.9297
0.4254 0.7110 0.5360 0.8339
0.2976 0.3346 0.4218 0.4377
0.5696 0.9236 0.6971 1.0000
0.8130 0.2363 0.9383 0.3760
0.6451 0.5406 0.7680 0.6885
0.8353 0.7679 0.9476 0.8830
0.8687 0.2161 0.9999 0.3183
0.1660 0.3195 0.2699 0.4379
0.7729 0.1432 0.8876 0.2692
0.1943 0.9247 0.3137 1.0000
0.7543 0.0053 0.9030 0.1451
0.9758 0.3103 1.0000 0.4268
0.4071 0.7215 0.5324 0.8618
0.5193 0.7986 0.6326 0.9147
0.0205 0.7340 0.1427 0.8672
0.1289 0.6875 0.2566 0.8195
0.2769 0.9705 0.4140 1.0000
0.7064 0.4695 0.8425 0.5945
0.8802 0.1470 0.9879 0.2873
0.1572 0.0236 0.3011 0.1557
0.2556 0.6744 0.3637 0.8184
0.6535 0.2050 0.7809 0.3350
0.8888 0.6445 0.9927 0.7837
0.6361 0.8856 0.7797 1.0000
0.9689 0.5895 1.0000 0.7147
0.2862 0.2454 0.3922 0.3764
0.7170 0.1657 0.8373 0.3147
0.0889 0.7186 0.2085 0.8334
0.1383 0.8451 0.2709 0.9555
0.3456 0.1010 0.4582 0.2431
0.0495 0.8360 0.1512 0.9687
0.8609 0.2736 0.9671 0.3783
